function [data_b, data_l, data_s, data_g, data_r] = IEEE33

baseMVA = 1;   %MVA
baseKV  = 12.66;  %KV
baseKA  = baseMVA/(sqrt(3)*baseKV);   %KA
baseZ   = baseKV^2/baseMVA;  %Ohms
%% bus data
%	bus_i	type	Pd	Qd	Gs	Bs	area	Vm	Va	baseKV	zone	Vmax	Vmin
data_b = [  %% (Pd and Qd are specified in kW & kVAr here)
	1	3	0	0	0	0	1	1	0	12.66	1	1	1;
	2	1	100	60	0	0	1	1	0	12.66	1	1.1	0.9;
	3	1	90	40	0	0	1	1	0	12.66	1	1.1	0.9;
	4	1	120	80	0	0	1	1	0	12.66	1	1.1	0.9;
	5	1	60	30	0	0	1	1	0	12.66	1	1.1	0.9;
	6	1	60	20	0	0	1	1	0	12.66	1	1.1	0.9;
	7	1	200	100	0	0	1	1	0	12.66	1	1.1	0.9;
	8	1	200	100	0	0	1	1	0	12.66	1	1.1	0.9;
	9	1	60	20	0	0	1	1	0	12.66	1	1.1	0.9;
	10	1	60	20	0	0	1	1	0	12.66	1	1.1	0.9;
	11	1	45	30	0	0	1	1	0	12.66	1	1.1	0.9;
	12	1	60	35	0	0	1	1	0	12.66	1	1.1	0.9;
	13	1	60	35	0	0	1	1	0	12.66	1	1.1	0.9;
	14	1	120	80	0	0	1	1	0	12.66	1	1.1	0.9;
	15	1	60	10	0	0	1	1	0	12.66	1	1.1	0.9;
	16	1	60	20	0	0	1	1	0	12.66	1	1.1	0.9;
	17	1	60	20	0	0	1	1	0	12.66	1	1.1	0.9;
	18	1	90	40	0	0	1	1	0	12.66	1	1.1	0.9;
	19	1	90	40	0	0	1	1	0	12.66	1	1.1	0.9;
	20	1	90	40	0	0	1	1	0	12.66	1	1.1	0.9;
	21	1	90	40	0	0	1	1	0	12.66	1	1.1	0.9;
	22	1	90	40	0	0	1	1	0	12.66	1	1.1	0.9;
	23	1	90	50	0	0	1	1	0	12.66	1	1.1	0.9;
	24	1	420	200	0	0	1	1	0	12.66	1	1.1	0.9;
	25	1	420	200	0	0	1	1	0	12.66	1	1.1	0.9;
	26	1	60	25	0	0	1	1	0	12.66	1	1.1	0.9;
	27	1	60	25	0	0	1	1	0	12.66	1	1.1	0.9;
	28	1	60	20	0	0	1	1	0	12.66	1	1.1	0.9;
	29	1	120	70	0	0	1	1	0	12.66	1	1.1	0.9;
	30	1	200	600	0	0	1	1	0	12.66	1	1.1	0.9;
	31	1	150	70	0	0	1	1	0	12.66	1	1.1	0.9;
	32	1	210	100	0	0	1	1	0	12.66	1	1.1	0.9;
	33	1	60	40	0	0	1	1	0	12.66	1	1.1	0.9;
];
data_b(:,3:4) = data_b(:,3:4)/1000; %化成MW
data_b(:,3:4) = data_b(:,3:4)/baseMVA;


%% generator data   第一个slack节点看作一个发电机就行;cost跟电价相同
%	bus	
data_g = [
      1	   
];
%	bus	
data_s = [
      6	   
];


%% REG   
%  bus	P_max(MW) P_min
data_r = [
     18
];
% data_r(:,2:3) = data_r (:,2)/baseMVA;




%% branch data  此问题用I的上限 
%	fbus	tbus	r	x	b	rateA	rateB	rateC	ratio	angle	status	angmin	angmax
P_1 = 0.595*12.66/baseMVA;
P_2 = 0.160*12.66/baseMVA;
P_3 = 0.325*12.66/baseMVA;
P_4 = 0.460*12.66/baseMVA;
data_l = [  %% (r and x specified in ohms here, converted to p.u. below)
	1	2	0.0922	0.0470	0	P_1	0	0	0	0	1	-360	360;
	2	3	0.4930	0.2511	0	P_1	0	0	0	0	1	-360	360;
	3	4	0.3660	0.1864	0	P_1	0	0	0	0	1	-360	360;
	4	5	0.3811	0.1941	0	P_1	0	0	0	0	1	-360	360;
	5	6	0.8190	0.7070	0	P_1	0	0	0	0	1	-360	360;
	6	7	0.1872	0.6188	0	P_1	0	0	0	0	1	-360	360;
	7	8	0.7114	0.2351	0	P_1	0	0	0	0	1	-360	360;
	8	9	1.0300	0.7400	0	P_1	0	0	0	0	1	-360	360;
	9	10	1.0440	0.7400	0	P_1	0	0	0	0	1	-360	360;
	10	11	0.1966	0.0650	0	P_1	0	0	0	0	1	-360	360;
	11	12	0.3744	0.1238	0	P_1	0	0	0	0	1	-360	360;
	12	13	1.4680	1.1550	0	P_1	0	0	0	0	1	-360	360;
	13	14	0.5416	0.7129	0	P_1	0	0	0	0	1	-360	360;
	14	15	0.5910	0.5260	0	P_1	0	0	0	0	1	-360	360;
	15	16	0.7463	0.5450	0	P_1	0	0	0	0	1	-360	360;
	16	17	1.2890	1.7210	0	P_1	0	0	0	0	1	-360	360;
	17	18	0.7320	0.5740	0	P_1	0	0	0	0	1	-360	360;
	2	19	0.1640	0.1565	0	P_2	0	0	0	0	1	-360	360;
	19	20	1.5042	1.3554	0	P_2	0	0	0	0	1	-360	360;
	20	21	0.4095	0.4784	0	P_2	0	0	0	0	1	-360	360;
	21	22	0.7089	0.9373	0	P_2	0	0	0	0	1	-360	360;
	3	23	0.4512	0.3083	0	P_4	0	0	0	0	1	-360	360;
	23	24	0.8980	0.7091	0	P_4	0	0	0	0	1	-360	360;
	24	25	0.8960	0.7011	0	P_4	0	0	0	0	1	-360	360;
	6	26	0.2030	0.1034	0	P_3	0	0	0	0	1	-360	360;
	26	27	0.2842	0.1447	0	P_3	0	0	0	0	1	-360	360;
	27	28	1.0590	0.9337	0	P_3	0	0	0	0	1	-360	360;
	28	29	0.8042	0.7006	0	P_3	0	0	0	0	1	-360	360;
	29	30	0.5075	0.2585	0	P_3	0	0	0	0	1	-360	360;
	30	31	0.9744	0.9630	0	P_3	0	0	0	0	1	-360	360;
	31	32	0.3105	0.3619	0	P_3	0	0	0	0	1	-360	360;
	32	33	0.3410	0.5302	0	P_3	0	0	0	0	1	-360	360;
];
data_l(:,3:4) = data_l(:,3:4)/baseZ;



end




WIND = [0.765714285714286	0.822857142857143	0.857142857142857	0.845714285714286	0.788571428571429	0.662857142857143	0.640000000000000	0.508571428571429	0.434285714285714	0.382857142857143	0.331428571428571	0.262857142857143	0.125714285714286	0.102857142857143	0.114285714285714	0.125714285714286	0.0914285714285713	0.0914285714285713	0.205714285714286	0.342857142857143	0.502857142857143	0.674285714285714	0.708571428571428	0.720000000000000	0.765714285714286	0.822857142857143	0.857142857142857	0.845714285714286	0.788571428571429	0.662857142857143	0.640000000000000	0.508571428571429	0.434285714285714	0.382857142857143	0.331428571428571	0.262857142857143	0.125714285714286	0.102857142857143	0.114285714285714	0.125714285714286	0.0914285714285713	0.0914285714285713	0.205714285714286	0.342857142857143	0.502857142857143	0.674285714285714	0.708571428571428	0.720000000000000	0.765714285714286	0.822857142857143	0.857142857142857	0.845714285714286	0.788571428571429	0.662857142857143	0.640000000000000	0.508571428571429	0.434285714285714	0.382857142857143	0.331428571428571	0.262857142857143	0.125714285714286	0.102857142857143	0.114285714285714	0.125714285714286	0.0914285714285713	0.0914285714285713	0.205714285714286	0.342857142857143	0.502857142857143	0.674285714285714	0.708571428571428	0.720000000000000	0.765714285714286	0.822857142857143	0.857142857142857	0.845714285714286	0.788571428571429	0.662857142857143	0.640000000000000	0.508571428571429	0.434285714285714	0.382857142857143	0.331428571428571	0.262857142857143	0.125714285714286	0.102857142857143	0.114285714285714	0.125714285714286	0.0914285714285713	0.0914285714285713	0.205714285714286	0.342857142857143	0.502857142857143	0.674285714285714	0.708571428571428	0.720000000000000];

PRICE = [24.3300000000000	22.2100000000000	20	17.1700000000000	15.8100000000000	15.0200000000000	14.1300000000000	14.0600000000000	15.2100000000000	17.3500000000000	19.1800000000000	20.9000000000000	22.5400000000000	25.3300000000000	27.4100000000000	29.6900000000000	32.2500000000000	33.5300000000000	36.3700000000000	41.6100000000000	42.2400000000000	35.4500000000000	32.4000000000000	30.5800000000000	27.8700000000000	23.3200000000000	20.9700000000000	19.8500000000000	19.0500000000000	17.5500000000000	16.0100000000000	15.9700000000000	18.2300000000000	19.6200000000000	20.9200000000000	22.8600000000000	26.7200000000000	28.9800000000000	31.1200000000000	35.0100000000000	37.2800000000000	40.7300000000000	45.2100000000000	49.3200000000000	47.6100000000000	41.2600000000000	35.9400000000000	35	33.4500000000000	26.5300000000000	23.5500000000000	20.9500000000000	19.4500000000000	18.3000000000000	16.6700000000000	16.4300000000000	18.5800000000000	20.0800000000000	21.1700000000000	22.9500000000000	26.3400000000000	29.6300000000000	35.7300000000000	37.0300000000000	39.6400000000000	41.1900000000000	44.2000000000000	49.6900000000000	45.4700000000000	38.5000000000000	33.8500000000000	31.6400000000000	29.6900000000000	24.3600000000000	22.2700000000000	20.2800000000000	19.1700000000000	18.4900000000000	17.7300000000000	16.6400000000000	15.8800000000000	15.8600000000000	18.4300000000000	20.2200000000000	22.7900000000000	24.7900000000000	29.1200000000000	32.7600000000000	33.5600000000000	33.9000000000000	33.7900000000000	36.2700000000000	35.5500000000000	32.7400000000000	30.5900000000000	27.2100000000000];

DEMAND = [0.787500000000000	0.775000000000000	0.750000000000000	0.687500000000000	0.750000000000000	0.812500000000000	0.900000000000000	1.06250000000000	1.18750000000000	1.23750000000000	1.50000000000000	1.23750000000000	0.875000000000000	0.687500000000000	0.750000000000000	0.812500000000000	1.22500000000000	1.25000000000000	1.87500000000000	1.75000000000000	1.18750000000000	1.12500000000000	1	0.875000000000000	0.787500000000000	0.775000000000000	0.750000000000000	0.687500000000000	0.750000000000000	0.812500000000000	0.900000000000000	1.06250000000000	1.18750000000000	1.23750000000000	1.50000000000000	1.23750000000000	0.875000000000000	0.687500000000000	0.750000000000000	0.812500000000000	1.22500000000000	1.25000000000000	1.87500000000000	1.75000000000000	1.18750000000000	1.12500000000000	1	0.875000000000000	0.787500000000000	0.775000000000000	0.750000000000000	0.687500000000000	0.750000000000000	0.812500000000000	0.900000000000000	1.06250000000000	1.18750000000000	1.23750000000000	1.50000000000000	1.23750000000000	0.875000000000000	0.687500000000000	0.750000000000000	0.812500000000000	1.22500000000000	1.25000000000000	1.87500000000000	1.75000000000000	1.18750000000000	1.12500000000000	1	0.875000000000000	0.787500000000000	0.775000000000000	0.750000000000000	0.687500000000000	0.750000000000000	0.812500000000000	0.900000000000000	1.06250000000000	1.18750000000000	1.23750000000000	1.50000000000000	1.23750000000000	0.875000000000000	0.687500000000000	0.750000000000000	0.812500000000000	1.22500000000000	1.25000000000000	1.87500000000000	1.75000000000000	1.18750000000000	1.12500000000000	1	0.875000000000000];


beta = 30%
eta_m/_c/_e/_g=0.9

For other parameters of CAES, please see: 
S. Wang, X. Zhang, L. Yang, and et al., “Experimental study of
compressed air energy storage system with thermal energy storage,”
Energy, vol. 103, pp. 182C191, May 2016.